inval = [[-38, 20.4267462064574],[-12, -35.476130977151],[75, 39.9496203614281],[-35, 85.8576805763547],[65, 52.5362465420124],[-53, -7.9915448809023],[-29, -20.4252199084557],[92, -35.0498552748584],[-88, -20.3181496170159],[-76, 78.6745218510447],[80, 57.1610230387098],[86, 11.1360990235433],[81, -18.8356712271543],[94, -23.7750289318559],[49, 22.6420772081805],[-15, 10.0006006448531],[-47, 81.0284993567105],[67, -59.1925098931399],[62, 82.4918833520477],[78, 42.9737391283209],[22, -3.01942976727602],[1, 4.57039086720216],[100, 25.736540492097],[100, -82.00745349331],[-62, 48.6160018827338],]
outval = [[-17.5732537935426],[-47.476130977151],[114.949620361428],[50.8576805763547],[117.536246542012],[-60.9915448809023],[-49.4252199084557],[56.9501447251416],[-108.318149617016],[2.67452185104474],[137.16102303871],[97.1360990235433],[62.1643287728457],[70.2249710681441],[71.6420772081805],[-4.99939935514689],[34.0284993567105],[7.80749010686006],[144.491883352048],[120.973739128321],[18.980570232724],[5.57039086720216],[125.736540492097],[17.99254650669],[-13.3839981172662],]
